15698
14092
29387
20020
14190
25688
21717
7096
19337
23847
21039
13285
18662
27192
9034
24471
15264
17506
17723
16458
17960
30447
26873
15229
21896
9731
7236
10652
100
21491
5373
26913
19343
225
23896
7
21399
17326
20253
20979
10751
13325
3223
794
10306
892
28898
20536
6247
846
5675
14928
1317
16539
21264
24922
6147
17424
5099
29051
24128
22596
25662
23706
8085
4577
17641
23680
1527
4351
19040
23852
3867
18495
13037
4380
27740
16988
3321
7664
24013
1342
22787
17243
7313
11323
11687
7240
19871
6535
4297
5180
2117
6311
7435
7132
19960
17790
13534
25961
31745
29802
1661
18348
11090
2254
22281
18211
27182
4419
24309
6899
18161
12401
3039
22639
31619
10779
19578
6008
9619
14051
22391
30553
7551
30149
19425
26734
14375
32477
21568
15006
26603
9603
5387
5225
9836
21914
24419
30122
12866
30261
16619
19310
29
4895
4583
2218
30148
26659
29216
22579
866
6811
29021
14152
13914
8519
13742
25723
18126
26287
22518
2571
5482
22044
10005
4875
21524
5721
6437
13103
11132
26087
23291
14123
12212
1236
12659
17807
8106
17129
18970
5111
13755
14526
1325
1526
9333
16639
9292
11785
8857
6239
20205
4272
17646
16134
22388
24415
23094
21233
12136
30243
21347
29947
6387
13882
26821
16322
13805
7461
30487
19017
7082
2391
19944
6900
8721
7328
2636
28838
17751
27932
1479
17830
9227
3264
5190
13387
30960
12680
22034
27097
4585
26828
8172
25202
13621
4057
17242
7143
18813
6206
14234
20168
1675
8588
30645
21575
6031
15579
19687
14447
13534
29592
29873
22101
3328
13922
26098
2508
1691
1081
9686
11070
26301
6914
25227
25024
3569
28553
20788
25028
2077
22406
19112
19963
12763
7376
23361
11628
8138
25231
20731
29073
14712
26297
27461
26593
3780
2840
185
7478
8908
20238
18481
13373
22102
17170
16217
2144
6042
10514
16247
31959
13911
21541
30389
18550
22705
12904
17170
1469
5477
27156
12117
22876
412
11124
1953
3500
1486
18838
18326
15073
5207
13520
13409
21046
29379
16769
26852
18009
25428
396
19683
23331
23309
5865
5259
87
21984
27112
226
23752
5201
594
15352
17295
8989
7561
1743
25045
5251
17016
27410
27075
20826
31669
2286
28194
22280
1206
29498
17954
12319
17375
16919
11789
6098
26771
13173
11269
16814
16665
10524
20880
7120
16530
9923
26326
23541
14778
8305
22066
18112
10374
16992
26801
30958
31309
25482
8652
32466
12704
8912
24100
20794
28031
24768
14745
8712
12078
8196
15065
959
22394
20286
28796
20473
30738
12931
25454
3487
5062
5354
6937
1376
13866
5412
6546
22153
12290
577
8634
25791
24255
31744
8979
176
21067
334
16639
28902
5690
14969
17778
26211
20129
20211
1702
22421
18660
18616
28130
32761
26754
5478
4121
29847
1915
16677
21308
17073
8733
3160
10209
9020
18384
2782
9765
11360
24083
5565
19283
27599
7214
17424
20271
6467
15550
19839
10172
16120
27463
15948
26637
9507
14923
19260
6408
1425
14551
26382
25966
27220
25907
2072
15737
3946
29193
31710
25805
32422
14443
10184
1940
27064
6623
12064
12724
24697
19027
28062
10086
32685
25109
23453
17778
19035
24129
2187
9535
28132
1418
30915
31116
6433
3732
4089
3703
8875
15182
8253
25473
20719
32517
14475
26466
18863
22644
3086
11548
28873
5332
5563
7392
18819
3814
11509
19294
29722
25421
16379
20512
32294
9360
17870
23747
4538
2866
31038
1321
24126
4686
23049
22033
4725
10290
11264
11769
24118
13938
6219
21737
14366
8929
32409
17741
5333
22398
19341
300
1361
16352
7323
14095
30492
30975
32676
15027
20185
24355
17732
19654
28626
26355
10748
1117
2788
25461
30016
14406
23149
27718
4761
14768
30059
10437
21109
2575
12643
28825
1959
19567
10734
1
8535
26313
665
8100
30137
24657
28618
24960
8155
25195
16037
3310
10406
26073
3085
6560
19358
312
3208
5918
25135
17132
5811
4051
17263
7964
4930
22761
32129
15411
25729
27732
23246
27084
5006
28105
20946
6419
9563
8075
18810
19671
7007
20219
10393
5043
22304
25958
22386
29436
31340
13773
14797
5744
4404
22033
32522
11712
32302
32297
307
28718
30718
22064
9
12982
31054
2549
18726
20546
7007
14575
28695
28529
16520
14888
32354
19521
6462
2813
1927
6151
18601
4709
17087
17146
29184
4795
30350
29860
19767
7426
14612
21369
12194
15048
29159
17737
23276
21220
27489
10333
26617
5342
31350
25733
29419
19062
1389
21055
8285
25042
4806
8069
31652
13092
2464
15864
22151
30171
14670
28820
15495
15053
18022
2284
15639
14228
3587
8438
2046
16911
24556
3941
6842
16702
19939
29116
14076
28027
7951
29556
13709
19535
20403
6798
23156
25260
24998
17517
5578
7525
16438
2481
23834
3347
11730
31957
2281
21709
15738
9940
3642
19330
12330
3315
27423
15390
25510
19952
1751
8974
14604
183
3578
2587
8725
6957
23616
7845
17891
31339
30887
17596
13198
3688
22759
23290
4791
17826
8082
3865
12219
4460
709
29866
27573
31243
1425
17635
2094
31554
23992
13530
28081
15103
13595
32678
22057
22063
6575
18760
19275
2808
32254
10349
27701
17579
20837
25839
8244
17832
24780
15032
4290
29228
27108
58
21374
2757
16189
20818
1435
26568
9547
30385
23942
11842
19373
9628
26434
11273
19117
10836
32564
23079
12374
29889
27299
30527
16889
3634
31879
9149
18681
24773
1006
32540
31516
19890
2800
4504
32297
24374
9375
7847
6768
27691
9306
21701
20721
32365
16134
6778
31511
4822
8227
25809
18364
17807
20602
12059
15018
12068
29310
14323
1298
29305
28309
1666
478
8361
12127
18976
31714
32598
20827
20411
595
29470
16344
18942
6012
4925
26901
27760
21318
30337
13087
14168
15097
25025
28857
24296
8900
14506
5784
28902
9373
9981
10626
16642
10549
13539
17936
22434
32478
31122
9167
13023
20519
8493
15798
24678
6306
9125
6953
7232
15832
5842
5678
9607
19540
6145
1599
17263
515
7944
27514
24305
15090
1259
6931
8617
17673
4910
4
31682
22003
9738
19337
3020
19419
32638
19814
9152
30651
3136
696
26625
22801
888
21082
28388
4948
29756
25886
31355
8331
18241
10428
22858
7359
20460
31000
12419
2351
25363
27387
32076
27152
27097
8775
15398
2861
30558
6715
16167
20588
7786
17916
9044
20364
20822
82
2898
22359
2637
31605
5410
19336
28395
28392
16587
19308
17473
21261
8021
15376
10849
19682
21941
27223
11821
12479
32213
17381
29642
25158
22425
16458
2192
30734
25646
27183
14761
18151
4422
4506
13088
21072
30094
20206
19355
19307
3652
5245
15042
5113
32335
7790
1210
20479
778
9034
3799
14823
1818
20902
11547
14202
31711
17637
29545
27924
2227
3484
32599
24853
23494
14334
18419
22845
12636
9415
30239
825
18921
19528
4747
31605
328
28481
4400
25051
14405
24931
24920
11600
18620
32697
2592
15819
1585
14759
30561
2653
17305
10903
31411
18015
2714
21211
19846
22103
21771
24451
5928
4349
30836
14712
14774
19884
8018
7475
31909
19553
32238
32144
21649
17491
22776
5392
16868
21067
18362
7920
25990
11373
27089
20627
27331
3457
12819
984
4117
14396
22508
3948
22888
4943
6777
31463
15092
24875
30827
28930
29710
416
15332
10790
25880
16511
11770
23492
9839
17200
32564
27662
11556
531
14363
12968
14434
6908
2382
23356
19482
17025
20201
8912
18747
10224
18019
31712
22752
3828
31184
27422
6633
29564
27589
22822
2747
1307
17807
2153
21350
13029
7092
18918
1213
15421
30846
28840
23439
23077
32024
6683
1481
6871
7073
30986
19695
13467
5304
16181
7446
30147
12325
2949
22162
19480
4635
11593
3997
14478
27191
21227
29067
10608
16256
23245
16693
3125
9900
3705
11464
2700
12177
21406
31887
1327
13245
882
6046
25951
12129
26014
18065
5283
3861
1726
8119
14200
24343
26249
3305
8668
19774
18437
9346
8351
10973
6764
29639
29530
24556
9416
16699
28913
28346
24860
15808
17153
21950
25588
17888
25390
8324
25356
18619
4046
27582
23569
24434
15944
8246
17035
27496
23236
3300
16401
26839
18711
13636
21787
20337
20579
27186
295
27172
22040
10940
13656
14283
24192
27135
14357
27804
31925
5115
12447
9035
28263
21751
11477
27713
4917
20408
13162
16146
5097
13784
25552
30392
8968
23772
19035
232
24650
23806
24974
25373
4819
18987
27313
32450
15020
4352
23337
3285
18808
10449
17961
26407
30775
3144
15616
23682
27186
12717
6494
22452
30506
4276
21047
1612
27078
16124
32007
19793
3599
32581
19980
21525
12398
25566
16171
8311
31148
20738
17290
9490
32549
11365
20957
12230
2153
10707
11832
19369
22611
9013
12314
27216
14076
6586
24027
21236
17081
13476
24775
11914
24470
21952
21585
8738
15497
28378
2473
19297
31829
27762
14021
680
27399
6947
7892
5545
20067
17065
13434
22423
236
19082
10957
8359
17964
24950
13911
1121
20613
30423
4515
10106
7985
23671
29382
18859
27782
16397
7141
7211
556
4379
19484
7452
25472
17877
21790
31811
31607
22373
1798
2184
2181
24642
3260
21615
8793
19512
9469
20212
13243
5502
8223
14963
23974
31589
27701
29313
12573
19992
27483
13191
11533
28209
15191
20779
5023
17378
16152
12618
32300
4900
4031
28709
21216
16123
15928
15088
95
24023
4947
22164
19603
14831
26368
22660
7173
1957
16239
7729
17322
24141
3228
21262
6421
5120
798
6764
31659
27424
1033
12107
15224
15333
4954
5215
6580
8562
8760
3267
8019
31498
6734
14877
14843
19605
2705
30169
27218
12278
19471
9955
12093
19701
910
2537
17878
24889
14527
16124
6987
10275
24322
27811
24348
15168
24383
30657
22121
6440
591
1898
17553
6526
17048
30547
30624
11601
11952
23302
5501
28341
7249
11672
6370
23776
31867
8763
4016
19803
1089
3339
18700
18852
1010
21868
563
23578
31793
17533
15627
5363
17390
26996
13747
29074
32056
12643
9582
133
1600
23287
19243
7367
20704
20268
2137
11022
7202
19434
21680
25173
15552
5528
3302
10383
13059
10526
6111
18196
12570
20339
12482
3921
20931
31093
23533
16605
25462
9732
11931
671
29819
13740
31952
17344
9493
27522
11703
3095
7127
7222
4578
30498
4682
29582
6204
25473
3346
11466
15227
7241
9771
2244
20759
6343
10186
17422
10160
636
20935
9853
22838
15254
14340
222
2771
20027
19385
11795
26827
9368
23139
4439
14168
15007
22260
3764
19352
256
32276
14694
12900
19082
12349
19574
16316
20885
26159
31834
32409
18472
8707
9010
22686
21060
7283
4675
27152
885
11475
17072
30157
19961
766
4704
305
10161
19482
20191
21877
2134
5621
2292
27951
18118
31583
8000
29037
29204
27344
22693
28724
22231
1878
901
14792
11728
28111
27041
16070
28041
23915
607
11016
25189
8899
2360
22689
16125
10469
4550
6321
12669
24748
6492
14342
10880
1047
22728
27697
16906
17209
23399
18035
1162
18655
20532
9737
16648
2338
12971
23461
14010
3450
2727
19218
3133
9426
14678
4830
11700
28907
2081
22985
32570
26459
3467
15959
29634
2029
30853
9331
23453
2985
23438
5159
17804
17472
27870
28614
25736
8161
1507
14538
30987
24834
19268
25489
18631
25718
24051
31282
29095
22112
976
9459
19498
24838
18026
10415
1492
7952
12661
21785
15846
16958
13689
3332
29400
11331
23743
20998
13175
23726
10946
11470
14435
17828
3007
5650
30736
26085
19362
6677
4826
27844
7944
31632
14372
19229
14824
8251
643
1406
16852
6184
18966
6935
12416
29019
11174
28536
29147
8829
4888
12990
23881
5646
25508
29016
27785
13068
5107
22205
23617
6306
9915
16783
23857
6045
6894
7812
31053
12962
9756
8098
19598
5107
4612
26924
15952
23224
17689
32312
3444
24633
17530
13952
12301
22893
1804
13096
30745
27663
15092
17525
6877
1708
18069
6310
6226
10668
28540
980
20085
15986
9941
11165
23835
14718
15950
18797
19942
2601
18763
3228
22176
5680
24511
17276
22891
16925
28945
7291
12223
11575
17152
5792
837
17637
9028
32341
13654
24912
32539
853
8948
16082
18305
17846
27156
27282
22465
21222
27244
31639
25138
2956
11196
25948
28285
13515
12932
26166
10812
28295
1029
21628
8854
2683
717
6527
27167
17372
23163
7638
5498
29310
5293
7984
9318
871
28963
23882
15846
6123
11184
21766
30643
18534
20893
27472
30679
20570
22309
15704
6144
15775
15710
14305
20823
12599
26887
10689
26825
30463
28666
19522
7846
5712
793
23380
29831
6707
28128
16372
25763
23674
15573
29400
18930
28359
14785
30041
16143
25791
10981
8543
12514
27482
32539
325
26660
21160
8345
15038
31810
1308
6569
10950
4694
8857
31571
17743
2249
30368
10485
3752
7814
27850
27657
26714
22193
13832
1296
17586
29779
15160
30409
27816
3558
4388
254
26350
21389
6069
30375
155
22869
10568
20309
28963
20115
16654
18530
26420
22634
8049
31324
32144
10175
2746
23133
6658
8721
22554
30744
1203
27723
5891
24318
11207
28043
17941
8599
15900
16117
19665
5704
21961
31002
25103
13622
18467
21459
13101
5263
9229
19635
2785
21290
16952
15257
27036
18909
11411
18091
2221
15904
23920
22155
6092
28412
5296
29969
29105
29310
23675
15836
5422
10415
28273
20735
17026
2735
20817
19583
12323
24067
10866
29430
16415
1693
17447
6486
26409
5244
24966
31860
13259
18007
976
6061
25990
32424
15866
8586
6058
11936
6278
1087
19446
25489
2452
16459
30961
31000
4869
26124
5438
24083
6308
11511
13601
13686
8945
20895
10989
8570
12533
23953
31072
8533
6745
16520
1934
17955
7484
5781
10987
478
1004
8614
10420
9658
27
2801
16845
22242
21385
17629
27377
30230
27958
12967
26169
31470
6304
18110
21575
5651
24051
7972
25435
10395
24321
31461
3557
31446
31909
20040
18743
28704
17977
15900
11022
20443
10099
32283
24532
32024
4692
29723
12452
16155
837
10375
19345
30471
7875
23459
2920
15451
7234
13609
10993
28875
4190
9795
20914
11798
26813
20730
21189
10113
22469
15952
15210
5030
25682
32744
13077
5939
22559
11388
226
28520
2914
21988
23292
20320
29148
32192
7062
1176
448
12626
1236
9908
10487
30796
1781
4526
5918
4332
13674
14524
26368
30109
10166
20108
3239
26700
20727
5695
17893
2498
29084
23963
7391
24778
27562
1742
19505
28791
19737
9754
22006
31396
9504
28127
16835
31548
11570
32754
9143
21548
5739
19957
18093
29879
11101
19680
22416
31123
6276
21077
13672
14582
18103
12541
3483
22305
23756
6497
15057
29457
9101
2753
1638
25813
18683
28401
7899
4405
15005
30282
24292
27686
14238
32580
14589
2266
10988
5469
5535
18340
8343
14269
15223
11634
23880
11111
8431
10546
22797
14510
1573
10983
1758
11784
19376
2884
25298
6268
25186
24732
30128
24710
16728
14800
28822
7927
6178
31778
26162
1107
25651
21172
12581
14948
5304
11316
8319
28218
12946
8548
20830
16335
2977
16889
2229
29456
19004
3892
18349
18240
7786
29728
15405
23477
21358
31003
5206
14643
13545
8078
23835
28618
30786
29142
11176
5674
18987
21260
11362
1114
7541
31332
23024
10105
31776
27530
32335
22091
10337
25697
15027
9152
16840
14517
8825
20073
15129
10398
23597
32691
26281
30247
19740
3674
25488
7023
12992
4900
30480
2632
5704
11631
2202
31947
2825
8823
22836
21093
22093
5442
13499
1264
16945
16908
29516
26087
3583
31138
6956
3025
31890
19957
15958
17539
18388
11021
1357
3342
21527
19733
26771
16262
14683
15295
5202
22230
5950
30715
9311
30868
23499
18924
9964
22847
21193
1468
8692
4895
14590
8254
13910
7465
32102
17148
20550
27689
13639
25035
14808
19547
32466
25952
25724
5295
14468
12078
18004
28680
4058
9216
2404
17868
6684
31515
27499
11225
3380
12244
2004
8730
11727
3941
3429
13155
14005
23793
6150
14986
15850
4478
27463
10580
7372
24320
24133
21080
29374
19581
20492
2223
15876
3970
19866
17462
3226
8579
285
28894
1219
12457
13831
3336
11652
11379
29170
28293
3461
5239
4837
15250
27037
21136
18939
899
20151
29583
30426
3060
19454
10563
31250
13447
22752
8282
21860
30541
24117
4875
1395
26121
7424
15620
19284
19901
13021
5603
31170
15059
27934
28021
5500
32418
7454
15590
4216
3484
3137
8509
18535
7737
29941
16478
19128
14987
16015
20821
2667
20285
2768
12595
10174
14390
19954
20644
129
1840
29053
27637
1549
7939
23921
21306
1614
20372
1635
4789
10176
24093
7650
8538
11805
3937
15188
17989
13464
13887
13802
26491
9407
20724
28406
18891
1309
22602
12702
2208
32491
10709
30726
24705
8841
30033
23951
14701
19045
6748
27666
18404
21996
10889
16665
3240
19468
32436
26710
15696
4508
27709
29971
3321
13020
27310
15991
30996
13276
16994
3389
23108
29577
3437
16503
29444
24387
22059
27349
30084
14590
24345
5742
20820
21772
19658
19884
23678
6460
6241
171
24173
3820
29668
18075
7351
4977
15674
19987
2573
30527
19003
18649
32512
18977
12221
5365
20017
20161
27973
6295
9969
12514
19611
22906
14225
7153
2444
11496
16153
23279
6772
20823
25809
29791
23361
214
24634
5352
26446
15113
16706
5626
11204
26410
4079
5146
27943
7154
21129
10686
1638
10786
12095
326
14786
11926
15596
31351
17688
18962
14883
20657
9544
5540
27788
29094
9484
27538
22913
11706
9971
15091
18554
32499
15013
12442
19323
28266
1818
17346
16278
17385
25952
12966
23061
850
15496
28517
7715
18343
6992
22902
9283
13503
17152
30019
9232
17580
23055
12511
5947
3570
9696
17677
15214
3301
16671
23411
28700
22534
24045
10609
21071
12709
16042
19800
23357
763
10205
32727
21020
28695
7270
22802
15291
31386
21551
32612
5284
11444
32135
29566
3375
22269
25856
3323
14691
32601
29153
20432
22589
23313
18643
9473
13747
15146
4514
2871
6091
23704
10292
20049
13631
473
1574
27239
32001
14097
28642
17118
10048
26395
25314
8957
22298
26388
342
24303
4427
11274
18576
11804
31927
31046
6814
31700
31439
10718
12232
198
23172
11119
5936
21725
17787
27964
31893
8451
9918
11783
11971
1812
29759
23927
9810
8390
31445
10593
18003
22718
22201
15468
13087
18147
13643
30925
31582
5712
26486
5999
5255
20527
22870
15851
8624
831
20854
13440
28448
14950
22097
28459
21458
5718
11587
16054
20024
30621
10331
24758
25717
29022
5565
10826
19768
13893
7282
28286
32764
21015
30618
30437
22178
30901
9739
23350
12981
31238
3323
11931
17332
31
8777
16040
17030
4322
18405
28674
13761
16740
21692
14689
10162
24355
15858
16963
20694
25304
26809
7264
25160
25316
28457
17161
27011
21328
29951
2531
20123
13244
18425
9283
9437
17282
6874
5122
13162
23836
6214
20100
22512
23839
23899
30904
20408
18732
31165
24217
7134
2024
10224
13197
11342
30108
4290
14974
29633
18437
15470
21723
21260
22199
14801
16326
2579
23112
28485
16127
8834
5945
25889
4340
16557
12654
6459
30017
8742
14671
32164
22781
609
16349
16574
18091
2112
16688
29716
14599
18666
18226
20512
3129
17331
18757
21981
28926
24498
6715
32546
13034
11920
3192
9158
17981
15032
30513
14963
13122
25877
27285
24413
29083
14683
20390
11320
2213
2012
29103
27941
14449
7040
20738
21143
23492
29551
29440
29328
26586
10399
5750
24151
1229
9380
19567
16350
18124
24970
9329
24180
17709
20128
21352
247
3287
21451
22010
21504
5056
25598
31089
16849
26659
5946
3856
25796
1774
17667
25224
236
32710
22408
15829
19966
1028
4918
6929
19471
534
22499
14354
24816
17301
5294
25388
23529
28912
30380
27835
27396
21860
13783
21017
11128
3056
8115
19689
25557
31624
29358
8067
5972
5059
3882
16325
18743
20519
22604
3932
9965
10130
14759
30351
27358
21162
6072
1767
28029
32078
29779
10010
7229
16887
28931
17560
3648
9050
27350
29201
32302
25988
18961
30079
14673
28429
29217
3852
16613
14453
13386
13701
1485
12503
9870
5972
16670
10657
94
7734
31721
14941
1011
4069
28123
28688
22031
24242
1414
24957
19047
5956
14875
10214
30858
10679
28549
23008
23441
31199
21486
26371
31383
59
11112
6644
23901
32433
2121
1024
18893
23925
16292
24094
304
24823
17925
6868
20746
527
15925
11350
6930
23699
26960
27863
19652
17238
31180
22675
11337
17235
20498
10681
30604
7876
8018
9844
24268
18284
18481
7315
18217
12250
24073
991
39
11206
19409
25844
9408
15393
13479
13357
12703
15756
16190
26936
10178
14083
19840
175
8159
3014
30098
31779
30819
18272
8706
1590
20658
24036
9770
2737
4215
5926
25356
31097
6074
1467
16239
10581
9658
10064
19976
8198
17293
24468
25885
28615
28069
14271
20363
23409
25537
15532
21684
615
16266
10449
31241
18587
16544
21127
31165
6401
26200
28390
10939
52
6181
14254
13719
16119
7930
25031
19608
21939
1411
6297
23421
12405
7380
12658
294
21065
21783
8113
25039
15249
22068
30130
13420
31503
8345
1884
26977
16633
9656
31818
39
13354
16299
15116
4097
15373
27108
5909
8571
7384
26951
20535
21816
29917
31075
32202
20913
4820
5328
27649
16926
25732
13111
2740
15756
14891
13725
24799
18791
12949
23673
21643
2348
28981
27385
25770
395
22967
19528
25201
21659
32257
5861
15892
9856
26824
15857
24909
32242
28880
26333
6287
6084
5087
17560
19991
20883
17341
25214
19335
5339
29285
31132
31012
8928
32574
13848
23261
16392
22866
22376
12398
5285
8923
1069
6487
27638
22446
25656
7228
39
13233
28002
5546
14451
20742
20593
30469
15665
24469
381
6177
12093
7821
30981
12851
20346
22660
7116
13345
15480
30093
3438
7261
5290
11701
12785
29513
27422
31441
27398
4685
24981
9991
4146
26335
9122
30280
21678
15944
19861
24508
7749
2713
7310
7029
554
31714
5912
30374
6828
2087
25179
23266
25374
14954
8810
5129
29773
9652
16562
19996
27955
24615
2992
30917
29100
20836
6854
20817
6665
3220
29332
892
2669
21260
27025
3910
22359
9194
2609
22718
4432
12693
17544
15491
20977
10506
26160
31087
148
21165
17469
13152
31214
11901
20538
7653
27447
11081
29122
5931
2945
4459
5346
9177
32571
352
28006
8763
8531
407
19491
4434
32404
15503
25751
3540
5604
21033
12783
7775
20216
30455
6265
7934
2576
24062
31036
30584
30471
30500
21884
16816
31104
32247
15006
14869
8850
27586
17436
9017
32680
1685
9040
10407
15408
15150
1603
1400
22181
734
5740
21655
15615
22379
20460
14725
31972
10450
2780
20089
32540
28763
4875
23095
26427
9733
11631
31910
13905
23460
19830
4463
18478
7650
2825
17013
30062
25949
32495
16485
25226
29951
21516
6361
25447
11137
31821
21349
15182
1225
15224
15827
25660
2731
17367
28221
27302
1274
3686
3752
23701
17916
27318
13547
16607
23720
28100
25081
30149
1471
26283
22507
11477
14482
28066
826
13248
2735
12972
13065
29520
28528
9954
886
19983
31677
16707
19991
1295
11589
21546
27273
13114
26871
20312
24403
14637
11425
19255
16237
17753
1824
23097
19908
6595
17218
21425
26500
12301
20283
4534
17065
8865
30014
19388
30134
15409
2888
23729
9143
2485
11931
5218
6283
24571
17847
16414
20710
2502
5429
6568
17571
26275
6456
4339
8552
11431
1907
20320
18591
30565
27337
15310
19647
178
21604
15853
9348
2527
17753
15796
14070
7545
17706
3088
27520
418
7423
8765
30702
20042
13937
21354
1848
31451
18279
13495
9017
895
26395
25068
26972
11545
23835
10366
32313
23109
28943
23221
27969
20768
31593
27562
27642
14674
22572
25890
17536
12039
25718
27061
312
1773
26141
23846
4548
8611
29477
31960
24867
1897
18258
25022
31253
21049
21604
11609
5721
8309
16076
24648
5790
8129
32279
30009
3974
32267
20533
31409
22970
14971
16642
26475
9071
193
32340
6923
10948
30365
371
1521
8477
8815
15965
28738
12672
21990
12570
27620
11995
10849
21293
30436
18098
4828
29228
17530
14139
25676
4586
16906
19603
18516
12301
8421
24972
2533
18472
19139
24500
15673
9261
16392
31990
26997
18904
7773
16949
27989
21240
9691
20288
7879
432
15336
29819
24966
20397
18853
17984
22958
31466
16951
32149
31210
22009
16782
17862
17012
23177
7707
9677
23718
10389
1891
24997
16426
5041
24600
20891
16448
26037
23808
18009
29821
32055
8618
19606
11423
27462
31907
25231
28269
16302
16394
21800
20371
5396
12760
24327
9034
14532
32274
26072
31747
14981
4699
9699
3528
11604
8155
12111
18922
2381
20341
21244
27066
177
32487
18664
29889
2525
7366
9193
31922
25478
1040
15929
25808
11982
12229
9033
2196
25436
32123
2302
22900
29597
19037
26061
11319
25204
6559
11635
23891
1272
1435
18239
12158
23091
23394
31392
20889
3316
26436
32273
4936
10414
22950
27951
14459
22100
7842
12125
10214
2584
23379
18568
31790
19440
30941
23648
26010
18920
28542
25061
2862
24846
10058
21037
15091
23704
32625
6715
8006
811
12686
11032
13091
10731
2007
11692
3475
23223
927
30276
13911
27205
14637
26275
9787
5067
21125
20584
10580
31358
8312
419
2797
14587
27544
24722
9640
19434
27475
6568
28109
14756
12891
23639
28788
22007
19874
31726
20997
148
29830
8494
22359
18032
1554
23186
21364
27668
17938
9143
5889
30318
4722
10452
23832
20563
14763
3748
32682
11877
10256
11606
12907
12498
2914
19605
15408
91
5795
25570
7499
7241
20269
24137
32515
14388
30365
29837
29498
12376
14205
30786
19574
12636
17211
17650
19889
26834
31861
15902
31623
11094
28114
10218
12960
2324
28737
13785
20428
25743
1580
23059
31914
15060
26434
5452
14733
7335
28944
15943
1222
14209
27599
14570
25309
22226
29537
30462
13132
19718
23235
22143
3571
7926
18148
7762
29432
20313
28348
4085
888
18591
13831
18974
8882
1038
23593
20858
20056
24619
23829
7335
7028
18165
9688
7707
11821
18051
3593
30465
20195
26584
1529
8846
19938
31266
32510
8527
23150
13504
20210
7607
15380
23114
29222
418
2730
17443
8416
11746
13646
28604
10960
7263
2120
21921
17407
738
31854
28634
26124
10027
7078
1765
31281
2494
1247
739
31661
11169
22531
17814
29847
14481
16390
20344
29443
7217
29476
26686
2374
20899
29375
9414
30537
25555
15283
8319
3131
12981
5483
4137
1059
4191
27131
5501
11945
568
6598
31802
14421
20517
15250
3732
28290
10150
20373
30428
6659
25986
9667
28423
19393
12886
26923
9142
3092
17330
30311
30361
17238
4926
27849
6413
16669
19825
23963
24492
4730
20198
26379
27102
19997
19367
32229
26340
6806
16167
13083
16875
2901
2682
19373
17136
19849
10626
16050
25443
12196
25461
13025
6370
29775
32143
26264
9442
29120
9215
4538
6911
797
19255
31540
6568
17904
20216
5177
14400
5530
11604
6025
9674
20349
10636
2976
17833
20198
30709
10565
25889
18869
24866
27543
19507
18297
30922
32250
6846
2975
21679
4174
13190
113
91
3196
23913
13477
23888
5899
11008
12782
29427
12760
17388
24797
5539
1599
11660
8799
20682
31792
13211
32668
14688
6363
23467
21195
3533
16538
10282
32099
19095
8911
16684
13960
20971
19633
30296
31264
20446
26844
3254
27555
9477
9785
22474
21701
24085
24925
9832
94
2627
14178
12241
17691
4864
2567
32580
8555
32024
27968
7549
21580
1418
32554
14157
397
19568
12426
13638
21340
7454
31761
6830
27382
15002
21330
17119
14869
15734
29642
24521
22589
15748
18504
14085
2415
11599
5907
15170
31063
27181
2919
31948
20079
13887
23932
9860
13148
20182
21657
14120
20654
8086
22214
8290
21002
27260
176
28136
12381
13024
11846
8239
21707
4492
13076
6258
12633
18260
29004
4164
17727
3854
4961
30263
20584
15918
3926
7497
8435
25920
27519
9691
26342
29277
25785
4188
21025
28401
17154
5019
31915
21865
11843
11873
16433
22671
7288
9605
32406
9802
2208
31275
4563
4632
25715
11131
299
23835
21407
26041
9982
1949
10473
3650
17777
222
28398
22933
20676
23919
21216
21889
27691
73
12223
28151
3017
14544
24335
28363
2648
19616
24600
14838
29447
23562
5598
32060
21263
25955
8212
1238
2174
1729
18934
15254
28173
11125
13918
11928
1768
12313
16411
20461
28437
30467
21434
13263
27661
14624
19963
5736
19358
19058
10843
21231
23371
22045
5783
5835
27795
19061
14229
30533
21592
11904
29111
8408
29032
6701
17841
22374
21397
2806
6842
11390
27379
3918
6515
18216
12370
3790
23949
28184
12803
4899
16455
15256
24992
14700
27915
5601
15257
15441
17586
30960
7715
20259
285
21333
8212
28874
21149
18853
26975
24783
30008
14657
13560
25365
6872
14332
13711
25230
11553
31820
6260
30689
9466
23628
5858
22305
18141
10855
6293
4864
8418
5172
8002
1099
11703
8763
22298
3220
21105
30581
32124
22209
24539
16193
4660
29008
19669
12842
22638
10588
32653
7084
7889
17246
6784
14647
11499
27278
15
23565
1326
16672
19743
23885
16400
31032
12589
22328
25482
23129
5832
25774
2436
27456
32382
31858
30406
15851
27940
31728
11414
30580
20358
14451
5336
12624
31264
24514
28480
27154
3682
21213
7961
3547
22849
21595
25242
3645
13308
1393
24391
23764
110
24425
5704
4306
22965
2278
17893
18285
2000
17986
19198
24007
4325
5615
27866
16786
602
16814
3835
28744
10897
25364
21185
32666
23607
7840
3496
369
3721
9212
2727
16528
20628
12333
5169
3152
23291
26714
394
12312
8786
743
6596
18121
20971
1019
17079
7817
13761
21264
7766
22499
13482
17366
18648
18537
8518
25157
13624
6586
4991
25953
25721
31291
10965
20157
15900
5483
17293
26870
19381
5492
917
20601
19337
9455
2258
11633
23296
2998
19307
1519
18341
27810
13662
17006
20289
11583
4067
2563
29368
21659
6762
7532
28984
27600
7588
22373
21750
19380
6763
13290
27122
11821
14130
23573
8350
10847
20852
29362
10372
13736
1648
4506
9621
18542
15727
17701
28282
23554
15633
25036
9867
21466
31624
29722
15861
19443
12873
19507
16890
18097
429
10463
6745
19408
2276
26307
28270
25195
8537
12752
32012
3348
12812
20574
9615
9690
23712
14352
15445
22008
12212
27815
30416
25821
5646
20775
22798
2633
1846
26167
26129
21579
25377
10563
30327
9059
13686
12842
32336
6295
26154
29376
28328
27055
30653
8116
3728
22878
22392
25450
9255
21282
14684
17377
4171
16611
17699
21528
3515
17211
18995
27899
32233
16297
19270
15003
12760
1168
14513
30865
9083
26824
32749
8623
8633
2921
11129
5704
22607
31197
10064
114
15175
19819
22369
24287
29307
21372
22282
29186
23649
29305
16643
30865
27691
32282
20502
18817
21105
26707
8773
19782
29074
26381
1154
4695
31058
18381
7361
3490
29704
13309
5207
21443
29418
7202
11508
9390
8145
18603
19204
25413
31393
19136
8766
20822
26
32067
10591
21750
17301
16081
25261
19519
1157
20291
19076
30875
4656
21908
32447
31316
5436
24685
17363
4671
24200
12872
22254
11551
32680
25381
21792
26523
10242
22850
9158
31024
4155
748
599
26176
13418
14054
8345
32047
7355
28961
17182
21479
14159
12964
4400
2487
1385
9977
21992
27457
3853
29958
5745
25348
19209
8757
32667
24540
21732
7442
27087
4983
12825
23384
27455
27195
779
14758
26503
25339
20937
17499
17529
29857
19871
29374
15806
24876
16172
24263
31237
17359
14491
16939
23318
7703
23830
8400
4192
29017
22065
18977
9660
21577
21935
1353
15295
12022
11861
32129
7773
15030
9948
5183
12357
20329
6102
12403
12422
529
893
15111
2282
31614
24631
26349
23339
6642
14026
23598
8313
28524
6162
4370
24233
3331
11978
11875
22802
19377
7841
22943
23512
20530
17943
20653
10957
11472
17340
9336
28388
8216
10538
10651
10283
32311
4798
14718
21176
5442
3158
26832
21882
2886
24494
24243
844
101
28098
24309
21531
13887
14869
10536
27091
6061
4165
18630
29556
13965
16167
11285
4210
20648
16134
28580
26899
16969
20126
18428
18248
32327
15086
15151
23255
25413
17891
27547
267
23310
5989
29544
15676
14756
22377
21433
5414
17299
18727
22925
11852
12260
4471
15169
32581
2607
4708
10611
17628
15488
13785
29379
16974
29572
1821
13234
23353
28218
4906
1517
23467
30579
25681
11403
27921
14105
12396
18003
17872
26581
27498
25204
20170
27287
24572
9498
16606
1098
20461
24101
2157
10489
11610
21548
23636
16967
28445
177
16105
5077
15974
13672
6871
6709
28531
15113
18987
2676
28116
19929
30929
29686
26724
23269
1552
7467
24904
6486
27964
26969
10532
3053
12097
3413
1284
27900
4192
1488
31364
25320
14361
23356
16000
28575
13735
31304
14378
19941
18912
1346
5576
17376
29494
21433
20741
13480
18261
77
30419
20494
230
4602
13764
4200
25210
27505
27343
11308
21083
26689
9120
958
16834
30319
28966
18907
17989
5167
18388
20594
13166
22865
19266
10801
8816
11997
11865
30077
466
24466
13154
3379
29083
14130
25249
10908
4847
14681
24492
22853
14345
10148
15071
31106
13098
25492
20331
25864
12138
3428
28801
18263
28584
10711
18308
2959
19974
24717
29872
7036
1894
32238
30559
27817
28492
18037
25137
24051
800
31163
31030
27445
7496
11632
21182
13425
17275
252
11947
5699
31634
29473
30483
31832
28812
4400
277
25615
31582
23448
19658
24452
24207
8886
29488
21296
18174
24576
10341
16478
25959
22532
25074
26036
6642
15735
16853
12318
18029
22743
17176
24569
2480
20018
22525
28308
10309
15400
8461
10760
17664
31145
14264
19201
20664
7737
20394
28142
10574
16869
18723
9648
29929
15093
14487
24628
25810
9003
575
17747
5137
27039
21146
32438
23348
14159
8343
32355
14059
1481
1480
21800
14625
24759
12725
5226
21506
15956
20252
12964
10325
6959
719
3421
27530
4459
3173
14844
4890
1170
31
23950
17666
13258
22684
24533
24241
32521
21676
20721
4571
28946
16862
18699
12260
24775
29813
27498
5453
17620
2531
2555
14076
5952
20956
12652
16215
19743
10822
31113
8961
8503
21763
6524
25854
22558
7412
15374
1186
26962
15107
21694
10078
5387
407
22925
32082
25153
7162
25569
7725
32290
627
28846
28416
4204
29563
22739
1432
9333
13813
20740
3610
14402
26420
7302
18373
29523
2764
4539
3871
14733
30416
12135
24706
22670
23443
5551
17212
32419
12221
1189
6764
26144
30834
330
22785
20401
19337
11429
3166
7510
30894
9315
26520
21172
9359
8573
14058
2770
22711
12221
12289
17210
30415
1820
31138
19207
14775
16659
29212
29244
2431
21760
29148
28038
5887
26380
8678
320
23380
20611
21128
16890
7046
20889
15743
13975
12721
18027
23950
3495
28713
29210
31025
14112
26277
22307
7419
18600
2819
32080
318
21645
29559
31298
29837
32528
18739
20249
17103
18367
21318
20054
4674
7247
22330
19269
6826
6232
4059
22780
14037
12839
6098
3546
13931
2903
7977
29068
22716
24521
24347
26321
5697
23341
32042
9592
14999
21187
19836
5067
4492
30763
19128
7901
25196
25598
4091
5757
5027
14433
2669
13444
24766
25143
18514
32376
7435
16411
30123
22079
28545
1254
8083
3218
21938
1744
24881
13494
21721
24006
847
23259
30887
22125
17931
26290
24411
7497
18426
25630
12568
5738
11971
7817
23485
17189
12884
10466
11755
28430
12759
9771
5363
28683
17515
8957
9372
987
9972
9788
8178
21650
14969
13221
6982
13040
19962
20014
10751
4117
2556
7297
7364
17065
25152
16154
20935
2534
3545
30230
28773
27215
24502
21973
16974
6910
32016
29262
19260
16153
23411
6804
18665
27234
31869
19336
4393
19524
21435
18838
4422
12989
9393
19774
20114
21789
7753
32502
31104
18070
2075
6963
609
22656
19466
5054
13703
1515
4597
13454
1611
31716
4025
18110
3774
14005
10133
19871
26132
22697
30957
9742
20703
27892
19973
2155
28902
17432
16072
16625
14853
26801
3253
5821
30439
25772
10517
20339
19246
26838
3409
1553
4598
5009
4007
15728
13552
23974
3193
29030
25248
10408
32420
28690
29536
14451
3705
28965
28432
23158
31080
9688
27447
9923
23298
7756
11326
6429
3766
25533
24474
2875
30058
31844
31190
14285
24951
1696
8088
23560
1575
23741
12200
7099
22236
7235
3014
9713
22863
32188
2521
27546
28537
15761
17464
29408
25853
18545
15429
29988
5467
28668
10907
23673
7697
7373
22625
30664
29601
20735
11781
13012
26446
14124
631
7155
5274
25912
31647
6307
4445
15995
175
31128
29569
10930
25075
29211
10599
32714
31325
3942
17462
7076
17429
21913
19815
25117
30170
22276
26095
9478
10042
15342
13240
9603
15229
31866
13662
31460
25409
24528
6807
24591
20268
10469
24084
29880
21926
26074
17065
22178
12160
32170
26372
14372
20901
30784
23488
24766
2540
22183
9565
6471
25465
22118
22273
10182
29473
14520
26273
8599
12827
7691
1320
7332
1502
14649
21740
28262
8201
4060
26158
9002
24846
19295
8669
25456
6137
25097
646
12029
7789
23949
19489
29242
6516
10886
17709
16748
13099
5560
15906
270
24346
9378
9712
13674
28584
49
29150
30822
3104
2499
858
17032
21853
11150
19131
18540
15285
12421
4198
6024
6875
31409
3307
29023
29217
25749
31491
30260
21114
13937
31043
617
4427
23971
1994
31746
21406
31578
1536
18637
12996
14319
2960
21336
10602
7597
15317
14632
23347
14540
23727
13396
9170
27685
22421
21924
30768
25076
12687
6564
4307
28980
80
834
29463
2049
22644
20644
14447
21974
4014
28336
854
13398
30230
11014
17389
8840
24574
24455
18103
19940
26737
525
9332
21380
30202
20244
32622
5371
22078
429
20533
12406
8651
18785
7426
7590
27594
18616
28080
1111
25326
18285
18834
8522
22424
15179
19689
2476
32155
15826
17960
27598
20408
19712
24070
13783
5841
11540
3572
6760
2045
26545
23890
25741
24810
15978
6427
21857
12275
15266
2214
11195
17020
17695
29676
30797
6386
26182
1965
15785
15213
21779
31777
20282
13131
26395
17599
23039
18657
16692
21234
1150
10107
15214
12130
1671
14963
554
32141
24710
32410
15813
30820
24130
8292
24066
5516
25310
30290
16044
21012
26593
1795
8357
16861
30981
24970
8518
14984
18700
4969
1246
6665
7260
20490
21247
1081
27308
4478
23100
7234
26399
4236
19506
20195
5656
32485
29397
27590
4738
27197
17133
25693
13822
2550
25136
17771
26550
25614
22143
9128
22732
23114
31948
13946
9775
695
24036
16180
3557
31738
15229
10622
10504
30598
24518
2062
14223
7613
10700
19978
26067
8642
10485
14934
12428
4709
1343
29267
11605
1995
14831
30440
15400
25468
3161
12697
5964
4609
32189
26163
15690
15285
22250
10365
16390
19943
29638
21322
26394
32587
21054
26287
2853
28902
15980
20910
21409
20892
10322
26119
29262
13137
17862
26286
8292
16502
30078
17389
21578
13202
14064
4467
17785
16812
18531
25728
31904
6234
18619
5491
13342
1704
25221
31530
24078
9350
29836
26516
9741
24080
32295
21912
3200
2857
13272
2584
107
1626
5418
1980
4164
9463
3989
15246
5298
4292
11488
8069
7930
9102
3742
28503
16438
23180
31361
16807
16456
4873
717
3863
1353
26234
20317
15550
15366
31775
17941
11939
7294
527
29814
26023
14081
16657
27797
4684
6798
27074
570
30507
9757
7960
22720
14733
25640
30758
7614
13629
10021
4829
29268
707
13390
10379
28826
28516
23403
30288
22804
31038
30543
18391
29138
25356
28631
360
23108
25781
30183
2344
26793
13162
22773
26253
4818
7656
5012
24452
3220
28908
8376
15052
20276
24988
19667
18049
14075
13446
30511
22163
14208
17839
13002
29270
20277
19938
20872
31120
28977
24604
5385
16732
15972
24681
13300
3858
12525
16279
31004
7874
29161
18847
28191
10736
6971
6712
23467
15438
751
12508
28864
15014
23864
27284
28899
6743
8683
17283
291
24551
6489
8419
13523
29898
32031
30141
31380
25549
30157
13362
16468
2856
8295
18463
30939
18402
8907
8887
25563
22294
28394
24712
4961
22104
23124
19001
7954
26867
6451
12839
18536
14079
11874
5933
3644
25470
11344
16685
25863
28857
24406
24576
12033
20663
20244
9263
23482
19152
7658
3104
14889
28407
15312
1216
1843
9048
26830
29533
24536
30767
27355
4213
25070
6536
11084
1848
28504
19742
26378
20077
12485
8128
23986
10670
23260
8191
9652
31192
10715
32344
5017
753
811
12082
18012
10563
23536
11729
10858
16115
8334
30168
20969
14367
19823
28922
8261
1557
11699
5304
21357
30249
17998
17567
24066
10151
2878
14243
17334
4710
29578
19985
1933
22615
19372
18428
31878
2231
12688
7598
5327
2140
6674
3560
16583
18458
30726
8395
22560
29088
10216
18630
8092
1334
17432
2783
18971
1009
25702
32132
3143
32409
4390
30936
28115
17938
30717
16726
12856
12804
11244
10779
17333
18568
14794
10008
32563
22101
4775
11559
9053
19845
1092
5994
31356
28139
18951
24861
21066
27688
426
23966
9448
55
15925
5031
7407
27516
7218
20795
18752
16920
9080
28857
1472
5084
19054
10109
2438
25795
32760
17369
30709
21588
12197
12074
22418
6354
30157
19432
15489
3155
6586
2290
22483
19110
16552
2884
6555
1566
21153
23707
11862
3630
8306
12400
15419
8845
31114
8767
19894
23079
12189
31108
3706
14099
27709
3794
19005
32170
17743
18274
25625
14009
25628
6976
18155
16230
31944
22675
31430
4412
2588
970
6455
10778
29170
22770
22377
32625
17251
22269
6565
22551
18442
2093
20784
11794
29971
27201
16075
22573
24039
20849
15495
22245
10083
32037
13873
14468
82
8105
9803
17356
28588
15303
14197
23113
2020
10820
24787
25781
1080
4278
16076
23329
18922
14769
8389
16370
20556
6093
10777
25211
20734
9625
15638
22593
13111
20476
30532
1546
12539
31408
23863
750
23593
6543
19590
25181
14807
16285
31754
11295
15659
27755
5169
28057
22647
4362
14036
5234
27774
21548
644
1269
21892
31785
12670
25458
14360
7719
2365
31508
28082
27333
1848
20611
20075
2943
7317
20729
934
5867
3453
29337
4044
24377
4307
23631
538
21456
19685
11844
63
4984
22419
25714
23738
13930
12443
28796
2185
20185
19907
15391
9254
20775
3974
8344
26205
27282
13320
22105
26118
14141
13727
8594
10069
11499
26152
3772
27394
27045
19179
29032
12672
25660
20517
25281
8841
19061
10111
11039
25896
8100
21259
9347
18133
27121
14504
22671
7225
20109
21801
1591
20080
16193
25076
1745
10275
4404
26921
10736
8000
6422
25724
18782
9768
4970
29399
13635
30014
23073
17503
17889
31900
26982
1135
9752
22171
27880
10258
19617
32644
28363
15308
26555
17847
23549
5698
3075
7452
25108
6362
15100
6079
13938
31935
1826
2789
8960
25499
3226
9852
7751
11145
2805
28986
32417
4140
12200
23454
24042
16466
13028
16869
26994
10448
6337
18263
5224
28946
5146
14736
7183
10374
16799
19411
31345
24726
10552
5970
2954
9962
10625
3869
1761
11285
32169
10010
11101
9013
12790
24088
11170
1014
30395
16992
8490
22617
4840
899
24691
6491
19543
19583
27720
19672
23704
3275
8526
29496
29434
6507
25255
2577
12978
16006
23935
8409
19421
12285
8916
31072
25798
6017
2301
19032
13510
10944
2058
14864
29766
12772
21156
5556
19528
2504
3771
19285
2980
4364
30512
7063
30205
6511
20987
4034
3702
15822
8486
5096
13845
8829
19532
23913
1198
23908
9918
26598
1330
19081
27887
6738
19547
3289
1213
22104
6558
15409
29571
17152
3191
8107
9199
23166
7802
19689
28537
1609
15604
4267
19331
28905
1574
16270
15663
5007
27006
567
10322
7337
32190
9492
16368
1088
16941
17529
32006
26652
23190
18190
27999
31436
25718
2221
22161
11854
15764
5387
16848
30652
17924
24910
6025
15224
18584
24332
12298
27135
25801
14209
25136
27526
8153
26224
3521
913
15012
24423
13139
17417
18455
5000
18631
5327
8840
16691
6105
16517
5929
27823
3295
13307
6113
8202
17307
10151
5292
25190
29748
21998
7357
6051
27891
30219
11795
14192
27666
13521
12419
19339
9224
6757
11247
21502
10623
20053
8875
30855
1411
26550
32617
11222
19849
25977
5938
2641
19210
22309
28366
28345
25767
20254
28728
10669
28450
24319
16274
4293
29753
30328
30077
3929
20813
29537
15855
23816
23227
15764
26376
24748
27128
8587
26018
22050
23449
17361
8153
30865
27852
25504
6664
26126
25204
22646
26321
21342
15086
9848
27468
18567
2592
21777
21221
4919
8852
723
9978
20806
15592
4034
13488
14329
18355
23610
2834
7248
11484
16480
29912
6017
13754
17477
15805
1160
28237
12201
1391
31364
20175
4906
2526
3352
16317
19537
17062
16450
22584
5978
5316
5960
7129
18777
12209
19712
12539
19820
2420
31730
20090
28810
32328
18519
4060
21930
18343
6893
22673
21983
11437
25063
17335
26966
30077
10769
3915
26538
26261
5423
12433
21707
16361
12419
17626
16053
5776
13443
3432
26281
12235
23574
11887
2961
3270
19581
85
18225
30630
21314
17416
18618
4857
25851
25940
7737
16011
3546
20557
13861
17789
7885
30074
31841
16935
13503
21611
19197
8414
31908
2673
30483
16702
12489
20637
27937
24041
21296
27626
17692
10179
823
29096
1122
10328
17634
7952
13909
23407
30157
16680
24236
27754
8442
10443
10620
3266
12239
24187
22063
1294
29488
9127
23434
21812
6909
30428
4185
9339
20170
30406
21577
32461
20649
23372
8875
16990
29351
21166
12162
8843
14074
32504
10544
32635
12791
18014
13208
2430
5260
25463
26210
7593
3206
21302
16498
3224
18676
12360
30257
18354
17529
22344
29205
18144
27625
16790
129
5282
24547
813
1745
25447
1507
26166
27881
19222
7602
25600
21724
16775
19556
20760
2677
8980
15368
12088
21676
19610
12230
16917
14466
24950
28056
15001
5344
1404
2304
6818
25378
7942
3375
4966
17920
30247
32366
88
27786
22
3169
12279
14003
3158
13414
10962
15762
11330
8299
23264
18001
6835
11286
2828
20226
10588
31305
24419
13247
24504
8793
7564
25194
6076
25218
31543
27113
25124
772
29486
17721
31378
22549
25605
11190
2332
14648
9563
9576
24641
24129
16336
25023
3580
6206
16123
28197
19365
8337
17311
23102
11315
5929
23330
1676
506
15887
30754
18064
28726
28649
23552
25556
23763
15376
26194
7843
14232
29100
29274
15744
20029
23311
31446
24674
29846
10144
13508
18554
20274
13367
23140
2382
18979
27601
6487
27556
20936
3576
3420
24425
16653
20433
27324
5230
29535
29949
15443
6674
10207
7564
1259
15578
4835
17077
23486
10180
28173
3445
4457
12997
18521
370
10711
16409
7443
22416
3837
26872
15830
23852
19432
8206
18261
31674
8553
26465
16353
21179
5613
17897
12916
25489
4947
6052
12652
6249
7544
16402
21766
16488
5770
27706
23004
2465
28711
26058
26035
19329
3165
5456
6665
14909
7754
25255
15781
1819
7500
21990
29126
5371
20179
8883
19149
2659
25009
1925
16990
30884
31751
24976
11407
26460
7599
5350
1012
4935
1088
19456
2742
15091
13425
15648
15194
3732
22482
7511
5367
6332
16288
19896
16737
15178
31295
15635
3224
21923
27969
17804
30856
2587
6423
31564
31519
19881
22103
5845
30798
31204
16983
25776
10990
1067
20748
15104
9462
32695
17543
20299
6117
12767
3251
25221
18962
7813
6735
1132
7357
22575
4171
31698
8447
26483
20826
13579
16554
10012
22985
17438
2493
8362
14509
29441
5933
27741
712
19984
26925
18437
3792
18204
23833
20564
25722
16486
4815
8978
8913
13150
24582
5484
1338
22602
29739
7176
1337
22099
29910
5163
28199
8835
25862
16827
1846
31924
32362
4620
8551
27104
30877
18751
7200
32085
15593
11534
1256
28249
22799
20009
9080
30031
20402
3623
10139
6670
725
9008
5969
10857
9000
10111
22804
24168
5280
13812
2358
20534
29478
27782
13110
5028
24931
10621
19257
21496
16910
21033
596
30975
2108
5195
4656
7504
3180
19340
21592
4230
27180
14620
24465
3976
2299
14365
5098
29550
10795
9238
3534
27096
15237
26601
932
4659
25184
29818
20055
31238
18930
10928
2890
9458
25973
20948
462
6966
2414
29336
24284
22506
571
25855
7505
24003
24710
31985
26220
23469
7297
22872
27803
23841
5143
13022
4257
13349
20063
16575
19661
7199
15198
23127
4405
18061
22390
31433
4433
32739
21523
3173
16532
7654
30064
17323
31110
30944
3603
24893
7756
1077
25016
15801
5971
161
5268
12488
19729
26586
2395
7145
16509
903
17034
10334
13339
1910
18903
7502
15160
30796
27085
29561
27497
22835
7355
7832
8029
9583
5390
28699
22990
17840
11667
4364
8508
1013
22300
32672
3481
5635
18349
10520
15032
7894
15345
22699
24729
28779
12153
13329
12077
30138
17366
19337
15849
8559
22031
3473
25207
17085
17598
25939
24163
31290
31742
5245
2226
30792
13916
14653
16656
27595
5544
20761
29740
30691
8866
24246
5993
20995
16146
3283
5682
12379
3804
12073
25940
23986
8953
24631
22229
5173
5922
18834
20733
18839
23506
3165
7995
18451
11947
6557
21093
23387
17125
20104
26632
4297
24272
28457
31303
28275
5227
902
3592
15816
6292
10464
23899
10151
4748
30233
1100
13575
12559
4001
26937
21063
31077
3945
6518
32271
13009
5930
23906
5823
9010
10101
31335
4986
15032
8348
13049
15614
2813
2533
7013
385
5673
22320
11078
7375
31810
15706
25274
31465
22048
10206
29604
16254
11392
1065
2779
19014
5114
7598
28620
29176
21459
10561
11175
16239
21240
19991
28790
3808
2064
21900
7298
14689
23295
28910
28411
6614
17001
9442
1048
27406
12281
15824
23026
17722
30926
8176
21728
3150
20201
29444
13039
11856
22302
8957
26731
19563
19856
20587
23700
19651
27328
20554
2459
13079
12608
26792
25160
22400
15721
5365
26536
16396
25307
27919
24568
4231
27891
26483
31851
24508
24378
6328
12354
27732
27796
26876
21365
23483
4669
16847
24182
26417
4725
10726
15894
4954
11198
6807
29791
23902
10323
26041
25060
31117
25242
1650
3097
22529
21332
5266
668
7791
24722
16255
20287
26022
9657
15134
12626
17592
8020
24654
15170
3099
8549
3504
22317
8112
23031
22221
7140
13157
32183
12934
14051
31433
19049
9086
24829
8499
10322
2788
20841
5064
15384
10517
31203
8133
29508
28492
14712
3699
25851
13757
8946
17677
11867
6802
23206
28240
11178
8149
12975
4778
11047
15819
9655
1820
5842
13340
11187
520
8791
544
366
11905
22212
15899
16444
30348
16780
10837
9429
20391
16207
13865
3546
20490
15633
13071
8875
16445
25094
11801
1621
11870
29880
2467
20857
8800
3064
32115
28673
16681
26350
9553
5535
19022
21201
7916
9028
30353
16055
7719
22293
22373
30265
26077
12533
17023
32647
23447
16563
16177
4408
20277
686
25022
10080
29810
19239
16368
10773
20008
19892
24906
7190
30996
31889
16868
5093
8651
3737
7943
32301
6274
6832
18441
10289
24682
21179
31879
11565
12022
25829
4237
17066
4657
17196
6722
14578
27594
22216
13889
28570
25719
24410
14016
28308
7812
3640
30802
16956
25614
29095
22015
5063
28048
23923
1655
24029
20347
31751
18832
9126
18435
32254
32110
29367
30179
22913
18040
5053
28710
16974
23058
23416
26449
16699
11152
21313
5963
23419
16121
8333
18511
4967
15200
31954
19942
27159
28394
4036
6152
29307
22992
26032
27627
13695
5928
51
22409
5655
7755
7548
14308
26175
22906
1249
17664
5869
31208
2977
24003
12236
7986
16073
19870
22972
28110
4693
29470
6482
26001
20775
25732
342
5634
29661
22167
21023
12524
3222
18588
3072
12091
19071
12714
1841
17587
8507
17509
13372
31939
8944
7656
8796
12453
2216
28431
19338
1447
21647
13913
22707
24283
18054
10891
21627
26939
12661
8110
18990
28677
11960
6249
9321
24193
6080
22425
29288
12352
13921
30947
31425
10205
1509
30411
22019
13337
19863
14881
5341
19832
7272
1816
11402
10561
28420
29928
23828
28877
9946
9815
24282
22402
3845
880
9035
14818
16058
23476
2163
14584
212
30336
17154
18908
25892
13595
27325
4066
16313
31935
18425
16157
1759
21105
30089
28431
5073
21645
17383
5116
3928
22666
11677
5926
5700
3813
31061
15240
32546
12327
30733
17991
1964
8571
12764
6696
3438
13771
30666
20109
15506
27692
20325
4563
16390
17680
2667
17951
21490
7866
1609
31738
30327
21615
30888
18112
20399
3461
28034
11152
27529
25023
14338
12270
23206
15060
9337
14055
8784
28417
19760
24031
5036
655
8722
17494
11434
9562
27627
9355
27041
26517
28593
20002
5187
13339
9177
23794
1998
7316
4205
16391
27385
31427
24480
6297
26754
6176
22741
19055
12229
1970
9391
19635
19500
10100
19757
6645
1729
3025
17761
11666
28348
16077
27397
32374
20163
30137
19429
4398
5541
6211
10845
13758
24289
31458
6356
17136
24231
14580
21553
21461
29336
5576
21146
29148
4702
10081
7008
27210
19559
10289
9498
1759
15129
23023
29719
19078
25185
29254
13723
17678
11583
104
19488
24169
11456
13799
5501
5858
12781
28490
7626
6580
22780
11431
29814
14374
330
21813
30391
5413
23043
3196
5037
12003
17300
19462
573
9254
1827
3219
9059
30837
7069
7448
9715
8008
24277
21718
22235
18044
15014
18776
6828
4022
17755
31667
30207
29132
10701
21320
27257
29430
25079
17476
9245
21140
8737
8777
28158
28919
25823
28587
11991
7112
26336
3861
31446
14860
23105
25309
29573
29289
25857
28814
11664
27123
19921
19155
22697
25643
12132
3450
8435
4799
27945
21782
17536
27903
16420
997
26320
6890
27774
5136
2862
28211
10613
9056
30976
19262
14978
9310
12964
7551
23235
17608
26848
23508
8137
8193
7990
4995
1243
25480
15793
30445
4360
16131
18916
27850
20976
26127
27582
10125
23527
17129
32212
6627
20800
16446
8882
32119
6386
18741
22034
775
26394
27107
18301
31371
10762
7368
11800
7982
4659
20313
19103
18778
29130
22688
15949
5486
15411
29336
15844
19425
17784
28795
12512
30871
17802
20120
14716
6485
3513
20781
24092
13544
13367
29205
26419
15679
1440
20470
14999
16304
13334
671
22515
8993
22021
27938
22742
30811
10853
30758
21280
1453
2888
15177
19078
27476
377
18633
16032
13015
4658
2520
20461
7999
26126
17255
15512
6884
10500
10930
10753
4563
13162
5217
30773
15269
20694
3741
24509
27095
30306
17482
20884
19510
22444
11944
8348
20452
8519
27218
29662
31916
16308
28263
21185
18212
9338
25879
25946
9742
20008
7556
30977
9333
18056
31993
12096
26071
7716
4314
5882
21936
14275
12342
189
24457
5905
8860
29290
3867
25202
445
24167
2139
26955
20749
12694
17012
31888
12055
2111
23988
3434
3499
22052
2166
4824
30311
32619
2281
10130
29605
16671
14622
1012
24387
23608
6778
31484
9952
29608
10454
19652
14511
23515
22315
21867
10911
13586
25149
7791
17972
19716
18244
25503
31083
882
25201
9051
10923
2700
19165
10269
26194
737
28648
12383
592
6579
28932
14107
10610
19896
1686
16680
6179
30334
25005
18891
8169
1640
28121
28909
32585
12991
17656
27436
15636
9139
8000
1718
19851
26158
1996
984
18602
23561
31098
3699
22802
27043
14935
5143
15118
22794
25866
13862
31825
32570
20218
3410
13020
16874
16356
10775
29157
26318
18957
30591
29937
21488
19166
23983
20270
16031
26013
23417
19720
8891
1967
311
16510
19150
1621
31322
29389
27273
19667
18334
6654
27898
8770
3498
9274
20292
22367
12734
8963
24755
945
15471
19451
3559
25265
24234
22220
17428
30308
24166
6626
19760
11055
2314
29905
30596
71
23742
29490
383
30605
21484
10439
14186
13261
22426
23851
24607
17603
2815
8188
21669
5066
23804
28847
19545
16251
3467
14123
29477
25779
8841
5836
20206
25419
28281
14500
13088
29440
31825
2620
31674
1374
1781
6398
310
1515
5309
22174
27910
26841
9717
6211
28262
14649
5371
11216
16707
16081
10641
18646
16751
11624
18454
25236
23252
25566
1586
1126
31023
29206
28478
29758
1683
24286
25674
24940
3492
3544
26565
21224
20525
2506
9690
12653
6816
23472
10950
8746
27855
17369
29519
2542
28275
30851
12461
27227
9005
9114
6029
17999
13271
22950
27915
5071
4544
25051
23472
30369
2359
5248
25364
11174
13970
27077
9944
14420
30853
12196
13473
11841
13156
9428
1982
22245
16977
23139
10856
4102
2922
1429
7131
19854
13766
527
5871
11874
3999
18118
9619
31789
22980
15592
17363
16637
18509
32436
18626
10133
22156
3021
31833
438
12856
15017
310
2057
365
26186
16628
26648
30543
18428
31972
30558
23996
22683
13966
28162
29949
7080
25442
17259
21365
11854
8672
31157
12756
491
25543
12286
17257
21335
18896
14596
23609
20604
26983
28536
3239
3695
14240
10396
20538
9936
19364
1373
5282
7531
1980
21003
2117
12262
1815
11608
3231
4675
23741
14031
27314
14256
22367
4535
655
18391
18998
31853
19862
30369
16810
18499
26990
31573
4116
774
26910
2258
11661
20262
12314
31454
8057
8405
10911
15199
19364
69
20835
30269
23298
20863
31209
11274
452
13572
29956
12150
5847
29645
6848
18368
16337
5073
26353
20502
20234
7455
22162
18357
3061
7166
10496
7284
21715
28437
26201
15452
22498
8849
10838
32065
14855
1873
25637
27031
22371
7374
12107
24447
21000
21231
10982
10219
25441
1219
31955
26208
21205
9240
16159
29704
6666
27433
46
20217
16289
1112
3930
13092
22266
4249
2522
26760
5575
30467
487
23644
22554
1531
2700
17199
32216
8741
11447
29546
15902
4871
28887
4472
7726
32385
9323
17738
19574
29971
23360
21302
1219
19533
22932
28007
10832
13173
10913
7373
725
12628
8645
2408
28369
1560
14660
6720
9419
28468
21424
2152
2861
16589
29861
9196
6099
3141
16083
1530
20654
30862
20715
22725
18512
5900
25095
5072
29259
19869
10503
16731
8324
23821
24034
16120
26816
15422
23791
5764
31729
413
29193
4599
15051
31354
25975
8323
15221
2218
18641
31025
26699
17622
21329
7020
24812
10966
20684
21269
6217
5998
27297
19847
2282
9978
399
21457
14814
16929
2173
24174
21170
886
21529
21330
26479
16358
11090
3350
287
2841
2056
16357
11766
11725
14761
2379
8739
505
25065
29608
19449
23369
8164
3827
352
25775
3475
21224
9335
19881
24735
24619
29262
24580
12636
13486
14842
23749
5845
20508
29419
10597
282
8640
8750
20018
21191
18754
13381
13458
21722
9182
19033
13751
5426
13489
29640
30863
9025
12567
1722
728
9043
19719
3705
9191
9553
17743
15131
2115
492
20478
6972
9515
26580
14743
21468
23012
10500
30435
2149
16557
5280
6129
20216
32353
5192
13593
32380
6190
29360
6912
2010
18321
11479
21450
10622
8505
25335
21326
29270
4024
8276
15795
28799
7626
24426
948
32482
14223
17118
7284
21889
11204
8067
10377
24050
25736
28919
7241
15554
10982
17834
28393
6747
17212
1800
11075
20775
21435
8896
18994
1081
28869
18619
1065
16273
20652
20000
1413
1618
16133
280
8014
18310
17188
1621
18962
18802
24448
23133
9138
20277
23296
32047
14116
23894
2239
30349
5869
11877
11472
17088
10325
23379
22491
26314
25675
27483
16052
25889
6536
20539
6709
32039
22251
13879
8491
6527
27383
17206
1273
22263
1680
22391
32246
30141
19746
18840
8631
9499
10540
13339
30551
1776
9556
20792
28622
18409
6270
20283
2159
18745
30254
25579
20668
25033
29913
9019
18020
2319
31497
861
32154
4009
8962
20662
356
16982
5552
492
27664
14704
23241
30102
5093
28413
19487
3085
1414
26877
14162
23225
32193
20190
11212
25580
2032
22029
103
25005
29182
32366
30878
1331
25339
16700
19732
21017
28354
30795
14621
19692
23153
28598
6361
6689
876
20747
3785
31793
9518
19908
12467
26789
4830
993
20421
6056
9108
28616
32213
27627
25239
31742
20724
28636
28695
23906
9685
6176
14826
9035
12143
26541
5681
4936
5863
8157
27702
2933
11008
6632
18116
9398
20613
20646
32105
30821
20581
17200
19388
2102
31476
6937
10025
18241
5147
29578
14710
29557
6009
8709
9862
9554
21443
22173
12526
12008
9547
9811
26197
2707
20456
15147
9097
2608
9467
10528
30378
2461
27131
1807
15710
24853
9421
16534
32486
18714
5746
62
5571
9125
28282
12027
31667
2076
10793
17052
29518
23272
23576
2048
32289
15767
7105
28179
24276
19227
31349
18103
32065
11087
29864
26447
17336
4032
30117
11073
31288
30947
23838
14921
14845
1916
13642
12709
9682
15432
27453
32370
13662
17736
25905
9156
18054
22690
4674
19384
32074
32491
297
12259
20731
32550
10994
25465
22535
20190
4497
8869
7172
5878
21353
23334
11608
18081
14736
29473
24915
18196
23528
9298
2223
4311
19681
28058
15917
30272
16950
24357
12893
29300
26446
28188
25217
13792
32050
5601
16832
15279
12734
3085
23890
30143
25179
18417
28153
50
17591
9854
21639
25270
9717
4731
14169
24884
5933
15341
31173
17689
16618
26850
28889
25954
16033
22339
30234
3170
3881
7899
894
9529
17800
27927
598
23377
18007
19688
14347
17847
27861
9990
1396
23177
5044
30410
25858
16083
2936
17288
29552
5526
23318
22255
7049
14468
26094
3883
12310
21064
10560
20283
2255
5083
2876
22939
22846
19410
12001
3854
669
8267
13593
12544
30947
24747
32332
24986
23292
12262
4769
26674
13804
8173
9363
5312
27497
28970
5797
17024
31097
16132
17187
28846
29570
9216
10036
21155
22330
27756
6687
30986
15731
11669
31219
17672
1214
6801
25454
16921
9511
4096
15489
2632
14313
26896
8106
15525
14624
10211
17239
14225
20079
11133
6943
21169
6005
8055
19492
5208
14794
2984
21078
1564
21926
32746
25946
21196
15192
28581
19378
5901
23395
6551
8284
22471
7529
18840
1897
25728
16816
21778
23196
14890
6661
17354
28846
10589
32454
10344
20047
2291
16216
21241
14679
31109
11331
14456
24315
23355
24967
20824
8447
15303
20184
4785
5961
425
22835
24915
15388
18129
31763
16650
28887
13240
8389
20640
4852
31916
10903
26633
6873
32367
4192
20749
6096
171
31198
2495
12675
20094
8614
30058
31327
135
20716
2598
32150
30600
5384
4319
7613
25503
3677
11792
4795
6530
21785
30776
30938
11699
23843
23066
2829
10008
6131
24137
25935
26533
31861
31149
26733
26739
2768
12912
25272
22361
31949
30742
29862
13121
17943
26405
5669
21119
7541
11130
1530
31248
1382
2268
10775
27649
23187
807
14950
11732
21278
8773
3832
1337
25816
5522
13268
29332
13609
1119
19760
25928
7465
25922
5747
7494
19446
4401
3126
17468
31783
22055
7513
30532
23491
4737
19945
18641
5268
26320
28863
22800
15240
15327
12684
13585
6316
10048
4285
22773
32538
15418
16187
22938
14982
15773
19889
10413
21952
3111
4570
26981
6420
31443
6322
6812
27000
8262
21597
29915
8621
1541
28414
8225
21276
8860
4226
22639
2599
2836
17455
15874
5994
5903
868
9878
6688
26571
20494
32154
9383
2538
18995
6496
15593
23740
20401
11790
15112
31314
19363
12727
18770
30682
21680
9136
2515
1351
10998
22357
8134
14439
30383
14134
5619
28674
16081
25649
9771
30597
15783
10048
27716
17734
